gG 313
X 157
W 111
K 332
gG 271
L 192
U 111
W 221
L 192
K 0
U 111
X 0

0.0 0.0 0.0
0.0 0.00320434570312 0.0
0.0 0.00640869140625 0.0
0.0 0.00961303710938 0.0
0.0 0.0128173828125 0.0
0.0 0.0160217285156 0.0
0.0 0.0192260742188 0.0
0.0 0.0224304199219 0.0
0.0 0.025634765625 0.0
0.0 0.0288391113281 0.0
0.0 0.0320434570312 0.0
0.0 0.0352478027344 0.0
0.0 0.0384521484375 0.0
0.0 0.0416564941406 0.0
0.0 0.0448608398438 0.0
0.0 0.0480651855469 0.0
0.0 0.05126953125 0.0
0.0 0.0544738769531 0.0
0.0 0.0576782226562 0.0
0.0 0.0608825683594 0.0
0.0 0.0640869140625 0.0
0.0 0.0673217773438 0.0
0.0 0.0704956054688 0.0
0.0 0.07373046875 0.0
0.0 0.076904296875 0.0
0.0 0.0801391601562 0.0
0.0 0.0833129882812 0.0
0.0 0.0865478515625 0.0
0.0 0.0897216796875 0.0
0.0 0.0929565429688 0.0
0.0 0.0961303710938 0.0
0.0 0.099365234375 0.0
0.0 0.1025390625 0.0
0.0 0.105773925781 0.0
0.0 0.108947753906 0.0
0.0 0.112182617188 0.0
0.0 0.115356445312 0.0
0.0 0.118591308594 0.0
0.0 0.121765136719 0.0
0.0 0.125 0.0
0.0 0.128173828125 0.0
0.0 0.131469726562 0.0
0.0 0.134643554688 0.0
0.0 0.137817382812 0.0
0.0 0.140991210938 0.0
0.0 0.144287109375 0.0
0.0 0.1474609375 0.0
0.0 0.150634765625 0.0
0.0 0.15380859375 0.0
0.0 0.157104492188 0.0
0.0 0.160278320312 0.0
0.0 0.163452148438 0.0
0.0 0.166625976562 0.0
0.0 0.169921875 0.0
0.0 0.173095703125 0.0
0.0 0.17626953125 0.0
0.0 0.179443359375 0.0
0.0 0.182739257812 0.0
0.0 0.185913085938 0.0
0.0 0.189086914062 0.0
0.0 0.192260742188 0.0
0.0 0.195556640625 0.0
0.0 0.19873046875 0.0
0.0 0.201904296875 0.0
0.0 0.205078125 0.0
0.0 0.208374023438 0.0
0.0 0.211547851562 0.0
0.0 0.214721679688 0.0
0.0 0.217895507812 0.0
0.0 0.22119140625 0.0
0.0 0.224365234375 0.0
0.0 0.2275390625 0.0
0.0 0.230712890625 0.0
0.0 0.234008789062 0.0
0.0 0.237182617188 0.0
0.0 0.240356445312 0.0
0.0 0.243530273438 0.0
0.0 0.246826171875 0.0
0.0 0.25 0.0
0.0 0.253173828125 0.0
0.0 0.25634765625 0.0
0.0 0.259521484375 0.0
0.0 0.262939453125 0.0
0.0 0.26611328125 0.0
0.0 0.269287109375 0.0
0.0 0.2724609375 0.0
0.0 0.275634765625 0.0
0.0 0.27880859375 0.0
0.0 0.281982421875 0.0
0.0 0.28515625 0.0
0.0 0.28857421875 0.0
0.0 0.291748046875 0.0
0.0 0.294921875 0.0
0.0 0.298095703125 0.0
0.0 0.30126953125 0.0
0.0 0.304443359375 0.0
0.0 0.3076171875 0.0
0.0 0.310791015625 0.0
0.0 0.314208984375 0.0
0.0 0.3173828125 0.0
0.0 0.320556640625 0.0
0.0 0.32373046875 0.0
0.0 0.326904296875 0.0
0.0 0.330078125 0.0
0.0 0.333251953125 0.0
0.0 0.33642578125 0.0
0.0 0.33984375 0.0
0.0 0.343017578125 0.0
0.0 0.34619140625 0.0
0.0 0.349365234375 0.0
0.0 0.3525390625 0.0
0.0 0.355712890625 0.0
0.0 0.35888671875 0.0
0.0 0.362060546875 0.0
0.0 0.365478515625 0.0
0.0 0.36865234375 0.0
0.0 0.371826171875 0.0
0.0 0.375 0.0
0.0 0.378173828125 0.0
0.0 0.38134765625 0.0
0.0 0.384521484375 0.0
0.0 0.387939453125 0.0
0.0 0.39111328125 0.0
0.0 0.394287109375 0.0
0.0 0.3974609375 0.0
0.0 0.400634765625 0.0
0.0 0.40380859375 0.0
0.0 0.406982421875 0.0
0.0 0.41015625 0.0
0.0 0.41357421875 0.0
0.0 0.416748046875 0.0
0.0 0.419921875 0.0
0.0 0.423095703125 0.0
0.0 0.42626953125 0.0
0.0 0.429443359375 0.0
0.0 0.4326171875 0.0
0.0 0.435791015625 0.0
0.0 0.439208984375 0.0
0.0 0.4423828125 0.0
0.0 0.445556640625 0.0
0.0 0.44873046875 0.0
0.0 0.451904296875 0.0
0.0 0.455078125 0.0
0.0 0.458251953125 0.0
0.0 0.46142578125 0.0
0.0 0.46484375 0.0
0.0 0.468017578125 0.0
0.0 0.47119140625 0.0
0.0 0.474365234375 0.0
0.0 0.4775390625 0.0
0.0 0.480712890625 0.0
0.0 0.48388671875 0.0
0.0 0.487060546875 0.0
0.0 0.490478515625 0.0
0.0 0.49365234375 0.0
0.0 0.496826171875 0.0
0.0 0.5 0.0
0.0 0.50341796875 0.0
0.0 0.50634765625 0.0
0.0 0.509765625 0.0
0.0 0.5126953125 0.0
0.0 0.51611328125 0.0
0.0 0.51904296875 0.0
0.0 0.5224609375 0.0
0.0 0.52587890625 0.0
0.0 0.52880859375 0.0
0.0 0.5322265625 0.0
0.0 0.53515625 0.0
0.0 0.53857421875 0.0
0.0 0.54150390625 0.0
0.0 0.544921875 0.0
0.0 0.5478515625 0.0
0.0 0.55126953125 0.0
0.0 0.5546875 0.0
0.0 0.5576171875 0.0
0.0 0.56103515625 0.0
0.0 0.56396484375 0.0
0.0 0.5673828125 0.0
0.0 0.5703125 0.0
0.0 0.57373046875 0.0
0.0 0.5771484375 0.0
0.0 0.580078125 0.0
0.0 0.58349609375 0.0
0.0 0.58642578125 0.0
0.0 0.58984375 0.0
0.0 0.5927734375 0.0
0.0 0.59619140625 0.0
0.0 0.59912109375 0.0
0.0 0.6025390625 0.0
0.0 0.60595703125 0.0
0.0 0.60888671875 0.0
0.0 0.6123046875 0.0
0.0 0.615234375 0.0
0.0 0.61865234375 0.0
0.0 0.62158203125 0.0
0.0 0.625 0.0
0.0 0.62841796875 0.0
0.0 0.63134765625 0.0
0.0 0.634765625 0.0
0.0 0.6376953125 0.0
0.0 0.64111328125 0.0
0.0 0.64404296875 0.0
0.0 0.6474609375 0.0
0.0 0.65087890625 0.0
0.0 0.65380859375 0.0
0.0 0.6572265625 0.0
0.0 0.66015625 0.0
0.0 0.66357421875 0.0
0.0 0.66650390625 0.0
0.0 0.669921875 0.0
0.0 0.6728515625 0.0
0.0 0.67626953125 0.0
0.0 0.6796875 0.0
0.0 0.6826171875 0.0
0.0 0.68603515625 0.0
0.0 0.68896484375 0.0
0.0 0.6923828125 0.0
0.0 0.6953125 0.0
0.0 0.69873046875 0.0
0.0 0.7021484375 0.0
0.0 0.705078125 0.0
0.0 0.70849609375 0.0
0.0 0.71142578125 0.0
0.0 0.71484375 0.0
0.0 0.7177734375 0.0
0.0 0.72119140625 0.0
0.0 0.72412109375 0.0
0.0 0.7275390625 0.0
0.0 0.73095703125 0.0
0.0 0.73388671875 0.0
0.0 0.7373046875 0.0
0.0 0.740234375 0.0
0.0 0.74365234375 0.0
0.0 0.74658203125 0.0
0.0 0.75 0.0
0.0 0.75341796875 0.0
0.0 0.75634765625 0.0
0.0 0.759765625 0.0
0.0 0.7626953125 0.0
0.0 0.76611328125 0.0
0.0 0.76904296875 0.0
0.0 0.7724609375 0.0
0.0 0.77587890625 0.0
0.0 0.77880859375 0.0
0.0 0.7822265625 0.0
0.0 0.78515625 0.0
0.0 0.78857421875 0.0
0.0 0.79150390625 0.0
0.0 0.794921875 0.0
0.0 0.7978515625 0.0
0.0 0.80126953125 0.0
0.0 0.8046875 0.0
0.0 0.8076171875 0.0
0.0 0.81103515625 0.0
0.0 0.81396484375 0.0
0.0 0.8173828125 0.0
0.0 0.8203125 0.0
0.0 0.82373046875 0.0
0.0 0.8271484375 0.0
0.0 0.830078125 0.0
0.0 0.83349609375 0.0
0.0 0.83642578125 0.0
0.0 0.83984375 0.0
0.0 0.8427734375 0.0
0.0 0.84619140625 0.0
0.0 0.84912109375 0.0
0.0 0.8525390625 0.0
0.0 0.85595703125 0.0
0.0 0.85888671875 0.0
0.0 0.8623046875 0.0
0.0 0.865234375 0.0
0.0 0.86865234375 0.0
0.0 0.87158203125 0.0
0.0 0.875 0.0
0.0 0.87841796875 0.0
0.0 0.88134765625 0.0
0.0 0.884765625 0.0
0.0 0.8876953125 0.0
0.0 0.89111328125 0.0
0.0 0.89404296875 0.0
0.0 0.8974609375 0.0
0.0 0.90087890625 0.0
0.0 0.90380859375 0.0
0.0 0.9072265625 0.0
0.0 0.91015625 0.0
0.0 0.91357421875 0.0
0.0 0.91650390625 0.0
0.0 0.919921875 0.0
0.0 0.9228515625 0.0
0.0 0.92626953125 0.0
0.0 0.9296875 0.0
0.0 0.9326171875 0.0
0.0 0.93603515625 0.0
0.0 0.93896484375 0.0
0.0 0.9423828125 0.0
0.0 0.9453125 0.0
0.0 0.94873046875 0.0
0.0 0.9521484375 0.0
0.0 0.955078125 0.0
0.0 0.95849609375 0.0
0.0 0.96142578125 0.0
0.0 0.96484375 0.0
0.0 0.9677734375 0.0
0.0 0.97119140625 0.0
0.0 0.97412109375 0.0
0.0 0.9775390625 0.0
0.0 0.98095703125 0.0
0.0 0.98388671875 0.0
0.0 0.9873046875 0.0
0.0 0.990234375 0.0
0.0 0.99365234375 0.0
0.0 0.99658203125 0.0
0.0 1.0 0.0
0.0 1.0 0.0
0.00331115722656 0.999893188477 0.000106811523438
0.00637817382812 1.00003051758 -3.0517578125e-05
0.00968933105469 0.999923706055 7.62939453125e-05
0.0127563476562 1.00006103516 -6.103515625e-05
0.0160675048828 0.999954223633 4.57763671875e-05
0.0191345214844 1.00009155273 -9.1552734375e-05
0.0224456787109 0.999984741211 1.52587890625e-05
0.0257568359375 0.999877929688 0.0001220703125
0.0288238525391 1.00001525879 -1.52587890625e-05
0.0321350097656 0.999908447266 9.1552734375e-05
0.0352020263672 1.00004577637 -4.57763671875e-05
0.0385131835938 0.999938964844 6.103515625e-05
0.0415802001953 1.00007629395 -7.62939453125e-05
0.0448913574219 0.999969482422 3.0517578125e-05
0.0479583740234 1.00010681152 -0.000106811523438
0.05126953125 1.0 0.0
0.0545806884766 0.999893188477 0.000106811523438
0.0576477050781 1.00003051758 -3.0517578125e-05
0.0609588623047 0.999923706055 7.62939453125e-05
0.0640258789062 1.00006103516 -6.103515625e-05
0.0673522949219 0.999969482422 3.0517578125e-05
0.0704040527344 1.00009155273 -9.1552734375e-05
0.07373046875 1.0 0.0
0.0770263671875 0.999877929688 0.0001220703125
0.0801086425781 1.00003051758 -3.0517578125e-05
0.0834045410156 0.999908447266 9.1552734375e-05
0.0864868164062 1.00006103516 -6.103515625e-05
0.0897827148438 0.999938964844 6.103515625e-05
0.0928649902344 1.00009155273 -9.1552734375e-05
0.0961608886719 0.999969482422 3.0517578125e-05
0.0992431640625 1.00012207031 -0.0001220703125
0.1025390625 1.0 0.0
0.105865478516 0.999908447266 9.1552734375e-05
0.108917236328 1.00003051758 -3.0517578125e-05
0.112243652344 0.999938964844 6.103515625e-05
0.115295410156 1.00006103516 -6.103515625e-05
0.118621826172 0.999969482422 3.0517578125e-05
0.121673583984 1.00009155273 -9.1552734375e-05
0.125 1.0 0.0
0.128295898438 0.999877929688 0.0001220703125
0.131408691406 1.00006103516 -6.103515625e-05
0.134704589844 0.999938964844 6.103515625e-05
0.137756347656 1.00006103516 -6.103515625e-05
0.141052246094 0.999938964844 6.103515625e-05
0.144165039062 1.00012207031 -0.0001220703125
0.1474609375 1.0 0.0
0.150756835938 0.999877929688 0.0001220703125
0.15380859375 1.0 0.0
0.157165527344 0.999938964844 6.103515625e-05
0.160217285156 1.00006103516 -6.103515625e-05
0.163513183594 0.999938964844 6.103515625e-05
0.166564941406 1.00006103516 -6.103515625e-05
0.169921875 1.0 0.0
0.172973632812 1.00012207031 -0.0001220703125
0.17626953125 1.0 0.0
0.179565429688 0.999877929688 0.0001220703125
0.182678222656 1.00006103516 -6.103515625e-05
0.185974121094 0.999938964844 6.103515625e-05
0.189025878906 1.00006103516 -6.103515625e-05
0.192321777344 0.999938964844 6.103515625e-05
0.195434570312 1.00012207031 -0.0001220703125
0.19873046875 1.0 0.0
0.202026367188 0.999877929688 0.0001220703125
0.205078125 1.0 0.0
0.208435058594 0.999938964844 6.103515625e-05
0.211486816406 1.00006103516 -6.103515625e-05
0.214782714844 0.999938964844 6.103515625e-05
0.217834472656 1.00006103516 -6.103515625e-05
0.22119140625 1.0 0.0
0.224243164062 1.00012207031 -0.0001220703125
0.2275390625 1.0 0.0
0.230834960938 0.999877929688 0.0001220703125
0.233947753906 1.00006103516 -6.103515625e-05
0.237243652344 0.999938964844 6.103515625e-05
0.240295410156 1.00006103516 -6.103515625e-05
0.243591308594 0.999938964844 6.103515625e-05
0.246704101562 1.00012207031 -0.0001220703125
0.25 1.0 0.0
0.253295898438 0.999877929688 0.0001220703125
0.25634765625 1.0 0.0
0.259643554688 0.999877929688 0.0001220703125
0.262817382812 1.00012207031 -0.0001220703125
0.26611328125 1.0 0.0
0.269165039062 1.00012207031 -0.0001220703125
0.2724609375 1.0 0.0
0.275756835938 0.999877929688 0.0001220703125
0.27880859375 1.0 0.0
0.282104492188 0.999877929688 0.0001220703125
0.28515625 1.0 0.0
0.28857421875 1.0 0.0
0.291625976562 1.00012207031 -0.0001220703125
0.294921875 1.0 0.0
0.297973632812 1.00012207031 -0.0001220703125
0.30126953125 1.0 0.0
0.304565429688 0.999877929688 0.0001220703125
0.3076171875 1.0 0.0
0.310913085938 0.999877929688 0.0001220703125
0.314086914062 1.00012207031 -0.0001220703125
0.3173828125 1.0 0.0
0.320434570312 1.00012207031 -0.0001220703125
0.32373046875 1.0 0.0
0.327026367188 0.999877929688 0.0001220703125
0.330078125 1.0 0.0
0.333374023438 0.999877929688 0.0001220703125
0.33642578125 1.0 0.0
0.33984375 1.0 0.0
0.342895507812 1.00012207031 -0.0001220703125
0.34619140625 1.0 0.0
0.349243164062 1.00012207031 -0.0001220703125
0.3525390625 1.0 0.0
0.355834960938 0.999877929688 0.0001220703125
0.35888671875 1.0 0.0
0.362182617188 0.999877929688 0.0001220703125
0.365356445312 1.00012207031 -0.0001220703125
0.36865234375 1.0 0.0
0.371704101562 1.00012207031 -0.0001220703125
0.375 1.0 0.0
0.378295898438 0.999877929688 0.0001220703125
0.38134765625 1.0 0.0
0.384643554688 0.999877929688 0.0001220703125
0.387817382812 1.00012207031 -0.0001220703125
0.39111328125 1.0 0.0
0.394165039062 1.00012207031 -0.0001220703125
0.3974609375 1.0 0.0
0.400756835938 0.999877929688 0.0001220703125
0.40380859375 1.0 0.0
0.407104492188 0.999877929688 0.0001220703125
0.41015625 1.0 0.0
0.41357421875 1.0 0.0
0.416625976562 1.00012207031 -0.0001220703125
0.419921875 1.0 0.0
0.422973632812 1.00012207031 -0.0001220703125
0.42626953125 1.0 0.0
0.429565429688 0.999877929688 0.0001220703125
0.4326171875 1.0 0.0
0.435913085938 0.999877929688 0.0001220703125
0.439086914062 1.00012207031 -0.0001220703125
0.4423828125 1.0 0.0
0.445434570312 1.00012207031 -0.0001220703125
0.44873046875 1.0 0.0
0.452026367188 0.999877929688 0.0001220703125
0.455078125 1.0 0.0
0.458374023438 0.999877929688 0.0001220703125
0.46142578125 1.0 0.0
0.46484375 1.0 0.0
0.467895507812 1.00012207031 -0.0001220703125
0.47119140625 1.0 0.0
0.474243164062 1.00012207031 -0.0001220703125
0.4775390625 1.0 0.0
0.480834960938 0.999877929688 0.0001220703125
0.48388671875 1.0 0.0
0.487182617188 0.999877929688 0.0001220703125
0.490356445312 1.00012207031 -0.0001220703125
0.49365234375 1.0 0.0
0.496704101562 1.00012207031 -0.0001220703125
0.5 1.0 0.0
0.5 1.0 0.0
0.502319335938 0.997680664062 -0.0001220703125
0.504516601562 0.995483398438 0.0001220703125
0.5068359375 0.9931640625 0.0
0.509033203125 0.990966796875 -0.000244140625
0.511352539062 0.988647460938 0.0001220703125
0.513671875 0.986328125 0.0
0.515869140625 0.984130859375 -0.000244140625
0.518188476562 0.981811523438 0.0001220703125
0.5205078125 0.9794921875 0.0
0.522705078125 0.977294921875 -0.000244140625
0.525024414062 0.974975585938 0.0001220703125
0.527221679688 0.972778320312 -0.0001220703125
0.529541015625 0.970458984375 -0.000244140625
0.531860351562 0.968139648438 0.0001220703125
0.534057617188 0.965942382812 -0.0001220703125
0.536376953125 0.963623046875 0.000244140625
0.538696289062 0.961303710938 0.0001220703125
0.540893554688 0.959106445312 -0.0001220703125
0.543212890625 0.956787109375 0.000244140625
0.54541015625 0.95458984375 0.0
0.547729492188 0.952270507812 -0.0001220703125
0.550048828125 0.949951171875 0.000244140625
0.55224609375 0.94775390625 0.0
0.554565429688 0.945434570312 -0.0001220703125
0.556762695312 0.943237304688 0.0001220703125
0.55908203125 0.94091796875 0.0
0.561401367188 0.938598632812 -0.0001220703125
0.563598632812 0.936401367188 0.0001220703125
0.56591796875 0.93408203125 0.0
0.568237304688 0.931762695312 -0.0001220703125
0.570434570312 0.929565429688 0.0001220703125
0.57275390625 0.92724609375 0.0
0.574951171875 0.925048828125 -0.000244140625
0.577270507812 0.922729492188 0.0001220703125
0.57958984375 0.92041015625 0.0
0.581787109375 0.918212890625 -0.000244140625
0.584106445312 0.915893554688 0.0001220703125
0.586303710938 0.913696289062 -0.0001220703125
0.588623046875 0.911376953125 -0.000244140625
0.590942382812 0.909057617188 0.0001220703125
0.593139648438 0.906860351562 -0.0001220703125
0.595458984375 0.904541015625 0.000244140625
0.597778320312 0.902221679688 0.0001220703125
0.599975585938 0.900024414062 -0.0001220703125
0.602294921875 0.897705078125 0.000244140625
0.6044921875 0.8955078125 0.0
0.606811523438 0.893188476562 -0.0001220703125
0.609130859375 0.890869140625 0.000244140625
0.611328125 0.888671875 0.0
0.613647460938 0.886352539062 -0.0001220703125
0.615966796875 0.884033203125 0.000244140625
0.6181640625 0.8818359375 0.0
0.620483398438 0.879516601562 -0.0001220703125
0.622680664062 0.877319335938 0.0001220703125
0.625 0.875 0.0
0.627258300781 0.872741699219 -0.00018310546875
0.629516601562 0.870483398438 0.0001220703125
0.6318359375 0.8681640625 0.0
0.634094238281 0.865905761719 -0.00018310546875
0.636352539062 0.863647460938 0.0001220703125
0.638610839844 0.861389160156 -6.103515625e-05
0.640930175781 0.859069824219 -0.00018310546875
0.643188476562 0.856811523438 0.0001220703125
0.645446777344 0.854553222656 -6.103515625e-05
0.647705078125 0.852294921875 -0.000244140625
0.650024414062 0.849975585938 0.0001220703125
0.652282714844 0.847717285156 -6.103515625e-05
0.654541015625 0.845458984375 -0.000244140625
0.656799316406 0.843200683594 6.103515625e-05
0.659118652344 0.840881347656 -6.103515625e-05
0.661376953125 0.838623046875 0.000244140625
0.663635253906 0.836364746094 6.103515625e-05
0.665893554688 0.834106445312 -0.0001220703125
0.668151855469 0.831848144531 0.00018310546875
0.670471191406 0.829528808594 6.103515625e-05
0.672729492188 0.827270507812 -0.0001220703125
0.674987792969 0.825012207031 0.00018310546875
0.67724609375 0.82275390625 0.0
0.679565429688 0.820434570312 -0.0001220703125
0.681823730469 0.818176269531 0.00018310546875
0.68408203125 0.81591796875 0.0
0.686340332031 0.813659667969 -0.00018310546875
0.688629150391 0.811370849609 0.000152587890625
0.69091796875 0.80908203125 0.0
0.693176269531 0.806823730469 -0.00018310546875
0.695465087891 0.804534912109 0.000152587890625
0.697723388672 0.802276611328 -3.0517578125e-05
0.700012207031 0.799987792969 -0.00018310546875
0.702270507812 0.797729492188 0.0001220703125
0.704559326172 0.795440673828 -3.0517578125e-05
0.706817626953 0.793182373047 -0.000213623046875
0.709075927734 0.790924072266 9.1552734375e-05
0.711364746094 0.788635253906 -6.103515625e-05
0.713623046875 0.786376953125 -0.000244140625
0.715911865234 0.784088134766 9.1552734375e-05
0.718170166016 0.781829833984 -9.1552734375e-05
0.720458984375 0.779541015625 0.000244140625
0.722732543945 0.777267456055 7.62939453125e-05
0.725006103516 0.774993896484 -9.1552734375e-05
0.727279663086 0.772720336914 0.000228881835938
0.729537963867 0.770462036133 4.57763671875e-05
0.731811523438 0.768188476562 -0.0001220703125
0.734085083008 0.765914916992 0.000198364257812
0.736366271973 0.763633728027 3.81469726562e-05
0.738639831543 0.761360168457 -0.000129699707031
0.740905761719 0.759094238281 0.00018310546875
0.743183135986 0.756816864014 1.90734863281e-05
0.745452880859 0.754547119141 -0.000152587890625
0.74772644043 0.75227355957 0.000167846679688
0.75 0.75 0.0
0.75 0.75 0.0
0.74755859375 0.74755859375 0.0
0.74560546875 0.74560546875 0.0
0.7431640625 0.7431640625 0.0
0.74072265625 0.74072265625 0.0
0.73876953125 0.73876953125 0.0
0.736328125 0.736328125 0.0
0.734375 0.734375 0.0
0.73193359375 0.73193359375 0.0
0.7294921875 0.7294921875 0.0
0.7275390625 0.7275390625 0.0
0.72509765625 0.72509765625 0.0
0.72265625 0.72265625 0.0
0.720703125 0.720703125 0.0
0.71826171875 0.71826171875 0.0
0.7158203125 0.7158203125 0.0
0.7138671875 0.7138671875 0.0
0.71142578125 0.71142578125 0.0
0.708984375 0.708984375 0.0
0.70703125 0.70703125 0.0
0.70458984375 0.70458984375 0.0
0.70263671875 0.70263671875 0.0
0.7001953125 0.7001953125 0.0
0.69775390625 0.69775390625 0.0
0.69580078125 0.69580078125 0.0
0.693359375 0.693359375 0.0
0.69091796875 0.69091796875 0.0
0.68896484375 0.68896484375 0.0
0.6865234375 0.6865234375 0.0
0.68408203125 0.68408203125 0.0
0.68212890625 0.68212890625 0.0
0.6796875 0.6796875 0.0
0.677734375 0.677734375 0.0
0.67529296875 0.67529296875 0.0
0.6728515625 0.6728515625 0.0
0.6708984375 0.6708984375 0.0
0.66845703125 0.66845703125 0.0
0.666015625 0.666015625 0.0
0.6640625 0.6640625 0.0
0.66162109375 0.66162109375 0.0
0.6591796875 0.6591796875 0.0
0.6572265625 0.6572265625 0.0
0.65478515625 0.65478515625 0.0
0.65234375 0.65234375 0.0
0.650390625 0.650390625 0.0
0.64794921875 0.64794921875 0.0
0.64599609375 0.64599609375 0.0
0.6435546875 0.6435546875 0.0
0.64111328125 0.64111328125 0.0
0.63916015625 0.63916015625 0.0
0.63671875 0.63671875 0.0
0.63427734375 0.63427734375 0.0
0.63232421875 0.63232421875 0.0
0.6298828125 0.6298828125 0.0
0.62744140625 0.62744140625 0.0
0.62548828125 0.62548828125 0.0
0.623046875 0.623046875 0.0
0.62060546875 0.62060546875 0.0
0.61865234375 0.61865234375 0.0
0.6162109375 0.6162109375 0.0
0.6142578125 0.6142578125 0.0
0.61181640625 0.61181640625 0.0
0.609375 0.609375 0.0
0.607421875 0.607421875 0.0
0.60498046875 0.60498046875 0.0
0.6025390625 0.6025390625 0.0
0.6005859375 0.6005859375 0.0
0.59814453125 0.59814453125 0.0
0.595703125 0.595703125 0.0
0.59375 0.59375 0.0
0.59130859375 0.59130859375 0.0
0.58935546875 0.58935546875 0.0
0.5869140625 0.5869140625 0.0
0.58447265625 0.58447265625 0.0
0.58251953125 0.58251953125 0.0
0.580078125 0.580078125 0.0
0.57763671875 0.57763671875 0.0
0.57568359375 0.57568359375 0.0
0.5732421875 0.5732421875 0.0
0.57080078125 0.57080078125 0.0
0.56884765625 0.56884765625 0.0
0.56640625 0.56640625 0.0
0.56396484375 0.56396484375 0.0
0.56201171875 0.56201171875 0.0
0.5595703125 0.5595703125 0.0
0.5576171875 0.5576171875 0.0
0.55517578125 0.55517578125 0.0
0.552734375 0.552734375 0.0
0.55078125 0.55078125 0.0
0.54833984375 0.54833984375 0.0
0.5458984375 0.5458984375 0.0
0.5439453125 0.5439453125 0.0
0.54150390625 0.54150390625 0.0
0.5390625 0.5390625 0.0
0.537109375 0.537109375 0.0
0.53466796875 0.53466796875 0.0
0.53271484375 0.53271484375 0.0
0.5302734375 0.5302734375 0.0
0.52783203125 0.52783203125 0.0
0.52587890625 0.52587890625 0.0
0.5234375 0.5234375 0.0
0.52099609375 0.52099609375 0.0
0.51904296875 0.51904296875 0.0
0.5166015625 0.5166015625 0.0
0.51416015625 0.51416015625 0.0
0.51220703125 0.51220703125 0.0
0.509765625 0.509765625 0.0
0.50732421875 0.50732421875 0.0
0.50537109375 0.50537109375 0.0
0.5029296875 0.5029296875 0.0
0.5009765625 0.5009765625 0.0
0.49853515625 0.49853515625 0.0
0.496337890625 0.496337890625 0.0
0.493896484375 0.493896484375 0.0
0.49169921875 0.49169921875 0.0
0.489501953125 0.489501953125 0.0
0.487060546875 0.487060546875 0.0
0.48486328125 0.48486328125 0.0
0.482666015625 0.482666015625 0.0
0.48046875 0.48046875 0.0
0.47802734375 0.47802734375 0.0
0.475830078125 0.475830078125 0.0
0.4736328125 0.4736328125 0.0
0.47119140625 0.47119140625 0.0
0.468994140625 0.468994140625 0.0
0.466796875 0.466796875 0.0
0.464599609375 0.464599609375 0.0
0.462158203125 0.462158203125 0.0
0.4599609375 0.4599609375 0.0
0.457763671875 0.457763671875 0.0
0.455322265625 0.455322265625 0.0
0.453125 0.453125 0.0
0.450927734375 0.450927734375 0.0
0.44873046875 0.44873046875 0.0
0.4462890625 0.4462890625 0.0
0.444091796875 0.444091796875 0.0
0.44189453125 0.44189453125 0.0
0.439697265625 0.439697265625 0.0
0.437255859375 0.437255859375 0.0
0.43505859375 0.43505859375 0.0
0.432861328125 0.432861328125 0.0
0.430419921875 0.430419921875 0.0
0.42822265625 0.42822265625 0.0
0.426025390625 0.426025390625 0.0
0.423828125 0.423828125 0.0
0.42138671875 0.42138671875 0.0
0.419189453125 0.419189453125 0.0
0.4169921875 0.4169921875 0.0
0.41455078125 0.41455078125 0.0
0.412353515625 0.412353515625 0.0
0.41015625 0.41015625 0.0
0.407958984375 0.407958984375 0.0
0.405517578125 0.405517578125 0.0
0.4033203125 0.4033203125 0.0
0.401123046875 0.401123046875 0.0
0.398681640625 0.398681640625 0.0
0.396484375 0.396484375 0.0
0.394287109375 0.394287109375 0.0
0.39208984375 0.39208984375 0.0
0.3896484375 0.3896484375 0.0
0.387451171875 0.387451171875 0.0
0.38525390625 0.38525390625 0.0
0.3828125 0.3828125 0.0
0.380615234375 0.380615234375 0.0
0.37841796875 0.37841796875 0.0
0.376220703125 0.376220703125 0.0
0.373779296875 0.373779296875 0.0
0.37158203125 0.37158203125 0.0
0.369384765625 0.369384765625 0.0
0.3671875 0.3671875 0.0
0.36474609375 0.36474609375 0.0
0.362548828125 0.362548828125 0.0
0.3603515625 0.3603515625 0.0
0.35791015625 0.35791015625 0.0
0.355712890625 0.355712890625 0.0
0.353515625 0.353515625 0.0
0.351318359375 0.351318359375 0.0
0.348876953125 0.348876953125 0.0
0.3466796875 0.3466796875 0.0
0.344482421875 0.344482421875 0.0
0.342041015625 0.342041015625 0.0
0.33984375 0.33984375 0.0
0.337646484375 0.337646484375 0.0
0.33544921875 0.33544921875 0.0
0.3330078125 0.3330078125 0.0
0.330810546875 0.330810546875 0.0
0.32861328125 0.32861328125 0.0
0.326171875 0.326171875 0.0
0.323974609375 0.323974609375 0.0
0.32177734375 0.32177734375 0.0
0.319580078125 0.319580078125 0.0
0.317138671875 0.317138671875 0.0
0.31494140625 0.31494140625 0.0
0.312744140625 0.312744140625 0.0
0.310302734375 0.310302734375 0.0
0.30810546875 0.30810546875 0.0
0.305908203125 0.305908203125 0.0
0.3037109375 0.3037109375 0.0
0.30126953125 0.30126953125 0.0
0.299072265625 0.299072265625 0.0
0.296875 0.296875 0.0
0.294677734375 0.294677734375 0.0
0.292236328125 0.292236328125 0.0
0.2900390625 0.2900390625 0.0
0.287841796875 0.287841796875 0.0
0.285400390625 0.285400390625 0.0
0.283203125 0.283203125 0.0
0.281005859375 0.281005859375 0.0
0.27880859375 0.27880859375 0.0
0.2763671875 0.2763671875 0.0
0.274169921875 0.274169921875 0.0
0.27197265625 0.27197265625 0.0
0.26953125 0.26953125 0.0
0.267333984375 0.267333984375 0.0
0.26513671875 0.26513671875 0.0
0.262939453125 0.262939453125 0.0
0.260498046875 0.260498046875 0.0
0.25830078125 0.25830078125 0.0
0.256103515625 0.256103515625 0.0
0.253662109375 0.253662109375 0.0
0.25146484375 0.25146484375 0.0
0.249267578125 0.249267578125 0.0
0.246948242188 0.246948242188 0.0
0.244750976562 0.244750976562 0.0
0.242431640625 0.242431640625 0.0
0.240234375 0.240234375 0.0
0.237915039062 0.237915039062 0.0
0.235595703125 0.235595703125 0.0
0.2333984375 0.2333984375 0.0
0.231079101562 0.231079101562 0.0
0.228881835938 0.228881835938 0.0
0.2265625 0.2265625 0.0
0.224365234375 0.224365234375 0.0
0.222045898438 0.222045898438 0.0
0.219848632812 0.219848632812 0.0
0.217529296875 0.217529296875 0.0
0.215209960938 0.215209960938 0.0
0.213012695312 0.213012695312 0.0
0.210693359375 0.210693359375 0.0
0.20849609375 0.20849609375 0.0
0.206176757812 0.206176757812 0.0
0.203979492188 0.203979492188 0.0
0.20166015625 0.20166015625 0.0
0.199340820312 0.199340820312 0.0
0.197143554688 0.197143554688 0.0
0.19482421875 0.19482421875 0.0
0.192626953125 0.192626953125 0.0
0.190307617188 0.190307617188 0.0
0.188110351562 0.188110351562 0.0
0.185791015625 0.185791015625 0.0
0.18359375 0.18359375 0.0
0.181274414062 0.181274414062 0.0
0.178955078125 0.178955078125 0.0
0.1767578125 0.1767578125 0.0
0.174438476562 0.174438476562 0.0
0.172241210938 0.172241210938 0.0
0.169921875 0.169921875 0.0
0.167724609375 0.167724609375 0.0
0.165405273438 0.165405273438 0.0
0.1630859375 0.1630859375 0.0
0.160888671875 0.160888671875 0.0
0.158569335938 0.158569335938 0.0
0.156372070312 0.156372070312 0.0
0.154052734375 0.154052734375 0.0
0.15185546875 0.15185546875 0.0
0.149536132812 0.149536132812 0.0
0.147338867188 0.147338867188 0.0
0.14501953125 0.14501953125 0.0
0.142700195312 0.142700195312 0.0
0.140502929688 0.140502929688 0.0
0.13818359375 0.13818359375 0.0
0.135986328125 0.135986328125 0.0
0.133666992188 0.133666992188 0.0
0.131469726562 0.131469726562 0.0
0.129150390625 0.129150390625 0.0
0.126831054688 0.126831054688 0.0
0.124633789062 0.124633789062 0.0
0.122375488281 0.122375488281 0.0
0.1201171875 0.1201171875 0.0
0.117797851562 0.117797851562 0.0
0.115539550781 0.115539550781 0.0
0.11328125 0.11328125 0.0
0.111022949219 0.111022949219 0.0
0.108764648438 0.108764648438 0.0
0.106506347656 0.106506347656 0.0
0.104248046875 0.104248046875 0.0
0.101989746094 0.101989746094 0.0
0.0996704101562 0.0996704101562 0.0
0.097412109375 0.097412109375 0.0
0.0951538085938 0.0951538085938 0.0
0.0928955078125 0.0928955078125 0.0
0.0906372070312 0.0906372070312 0.0
0.08837890625 0.08837890625 0.0
0.0861206054688 0.0861206054688 0.0
0.0838623046875 0.0838623046875 0.0
0.08154296875 0.08154296875 0.0
0.0792846679688 0.0792846679688 0.0
0.0770263671875 0.0770263671875 0.0
0.0747680664062 0.0747680664062 0.0
0.072509765625 0.072509765625 0.0
0.0702514648438 0.0702514648438 0.0
0.0679931640625 0.0679931640625 0.0
0.0657348632812 0.0657348632812 0.0
0.0634155273438 0.0634155273438 0.0
0.0611877441406 0.0611877441406 0.0
0.0588989257812 0.0588989257812 0.0
0.056640625 0.056640625 0.0
0.0543823242188 0.0543823242188 0.0
0.0521240234375 0.0521240234375 0.0
0.0498352050781 0.0498352050781 0.0
0.0475769042969 0.0475769042969 0.0
0.0453186035156 0.0453186035156 0.0
0.0430603027344 0.0430603027344 0.0
0.040771484375 0.040771484375 0.0
0.0385131835938 0.0385131835938 0.0
0.0362548828125 0.0362548828125 0.0
0.0339965820312 0.0339965820312 0.0
0.0317077636719 0.0317077636719 0.0
0.0294494628906 0.0294494628906 0.0
0.0271911621094 0.0271911621094 0.0
0.0249176025391 0.0249176025391 0.0
0.0226593017578 0.0226593017578 0.0
0.0203857421875 0.0203857421875 0.0
0.0181274414062 0.0181274414062 0.0
0.0158538818359 0.0158538818359 0.0
0.0135955810547 0.0135955810547 0.0
0.0113296508789 0.0113296508789 0.0
0.00906372070312 0.00906372070312 0.0
0.00679779052734 0.00679779052734 0.0
0.00453186035156 0.00453186035156 0.0
0.00226593017578 0.00226593017578 0.0
0.0 0.0 0.0
0.0 0.0 0.0
0.00185203552246 0.00185203552246 0.00185203552246
0.00370407104492 0.00370407104492 0.00370407104492
0.00555419921875 0.00555419921875 0.00555419921875
0.00740814208984 0.00740814208984 0.00740814208984
0.00926208496094 0.00926208496094 0.00926208496094
0.0111083984375 0.0111083984375 0.0111083984375
0.0129623413086 0.0129623413086 0.0129623413086
0.0148162841797 0.0148162841797 0.0148162841797
0.0166625976562 0.0166625976562 0.0166625976562
0.0185241699219 0.0185241699219 0.0185241699219
0.0203704833984 0.0203704833984 0.0203704833984
0.022216796875 0.022216796875 0.022216796875
0.0240783691406 0.0240783691406 0.0240783691406
0.0259246826172 0.0259246826172 0.0259246826172
0.0277709960938 0.0277709960938 0.0277709960938
0.0296325683594 0.0296325683594 0.0296325683594
0.031494140625 0.031494140625 0.031494140625
0.0333251953125 0.0333251953125 0.0333251953125
0.0351867675781 0.0351867675781 0.0351867675781
0.0370483398438 0.0370483398438 0.0370483398438
0.0388793945312 0.0388793945312 0.0388793945312
0.0407409667969 0.0407409667969 0.0407409667969
0.0426025390625 0.0426025390625 0.0426025390625
0.04443359375 0.04443359375 0.04443359375
0.0462951660156 0.0462951660156 0.0462951660156
0.0481567382812 0.0481567382812 0.0481567382812
0.0499877929688 0.0499877929688 0.0499877929688
0.0518493652344 0.0518493652344 0.0518493652344
0.0537109375 0.0537109375 0.0537109375
0.0555419921875 0.0555419921875 0.0555419921875
0.0574035644531 0.0574035644531 0.0574035644531
0.0592651367188 0.0592651367188 0.0592651367188
0.0610961914062 0.0610961914062 0.0610961914062
0.06298828125 0.06298828125 0.06298828125
0.0648193359375 0.0648193359375 0.0648193359375
0.066650390625 0.066650390625 0.066650390625
0.0685424804688 0.0685424804688 0.0685424804688
0.0703735351562 0.0703735351562 0.0703735351562
0.0722045898438 0.0722045898438 0.0722045898438
0.0740966796875 0.0740966796875 0.0740966796875
0.075927734375 0.075927734375 0.075927734375
0.0777587890625 0.0777587890625 0.0777587890625
0.0796508789062 0.0796508789062 0.0796508789062
0.0814819335938 0.0814819335938 0.0814819335938
0.0833129882812 0.0833129882812 0.0833129882812
0.085205078125 0.085205078125 0.085205078125
0.0870361328125 0.0870361328125 0.0870361328125
0.0888671875 0.0888671875 0.0888671875
0.0907592773438 0.0907592773438 0.0907592773438
0.0925903320312 0.0925903320312 0.0925903320312
0.0944213867188 0.0944213867188 0.0944213867188
0.0963134765625 0.0963134765625 0.0963134765625
0.09814453125 0.09814453125 0.09814453125
0.0999755859375 0.0999755859375 0.0999755859375
0.101867675781 0.101867675781 0.101867675781
0.103698730469 0.103698730469 0.103698730469
0.105529785156 0.105529785156 0.105529785156
0.107421875 0.107421875 0.107421875
0.109252929688 0.109252929688 0.109252929688
0.111083984375 0.111083984375 0.111083984375
0.112976074219 0.112976074219 0.112976074219
0.114807128906 0.114807128906 0.114807128906
0.116638183594 0.116638183594 0.116638183594
0.118530273438 0.118530273438 0.118530273438
0.120361328125 0.120361328125 0.120361328125
0.122192382812 0.122192382812 0.122192382812
0.124084472656 0.124084472656 0.124084472656
0.1259765625 0.1259765625 0.1259765625
0.127807617188 0.127807617188 0.127807617188
0.129638671875 0.129638671875 0.129638671875
0.131469726562 0.131469726562 0.131469726562
0.13330078125 0.13330078125 0.13330078125
0.135131835938 0.135131835938 0.135131835938
0.137084960938 0.137084960938 0.137084960938
0.138916015625 0.138916015625 0.138916015625
0.140747070312 0.140747070312 0.140747070312
0.142578125 0.142578125 0.142578125
0.144409179688 0.144409179688 0.144409179688
0.146240234375 0.146240234375 0.146240234375
0.148193359375 0.148193359375 0.148193359375
0.150024414062 0.150024414062 0.150024414062
0.15185546875 0.15185546875 0.15185546875
0.153686523438 0.153686523438 0.153686523438
0.155517578125 0.155517578125 0.155517578125
0.157348632812 0.157348632812 0.157348632812
0.159301757812 0.159301757812 0.159301757812
0.1611328125 0.1611328125 0.1611328125
0.162963867188 0.162963867188 0.162963867188
0.164794921875 0.164794921875 0.164794921875
0.166625976562 0.166625976562 0.166625976562
0.168579101562 0.168579101562 0.168579101562
0.17041015625 0.17041015625 0.17041015625
0.172241210938 0.172241210938 0.172241210938
0.174072265625 0.174072265625 0.174072265625
0.175903320312 0.175903320312 0.175903320312
0.177734375 0.177734375 0.177734375
0.1796875 0.1796875 0.1796875
0.181518554688 0.181518554688 0.181518554688
0.183349609375 0.183349609375 0.183349609375
0.185180664062 0.185180664062 0.185180664062
0.18701171875 0.18701171875 0.18701171875
0.188842773438 0.188842773438 0.188842773438
0.190795898438 0.190795898438 0.190795898438
0.192626953125 0.192626953125 0.192626953125
0.194458007812 0.194458007812 0.194458007812
0.1962890625 0.1962890625 0.1962890625
0.198120117188 0.198120117188 0.198120117188
0.199951171875 0.199951171875 0.199951171875
0.201904296875 0.201904296875 0.201904296875
0.203735351562 0.203735351562 0.203735351562
0.20556640625 0.20556640625 0.20556640625
0.207397460938 0.207397460938 0.207397460938
0.209228515625 0.209228515625 0.209228515625
0.211059570312 0.211059570312 0.211059570312
0.213012695312 0.213012695312 0.213012695312
0.21484375 0.21484375 0.21484375
0.216674804688 0.216674804688 0.216674804688
0.218505859375 0.218505859375 0.218505859375
0.220336914062 0.220336914062 0.220336914062
0.22216796875 0.22216796875 0.22216796875
0.22412109375 0.22412109375 0.22412109375
0.225952148438 0.225952148438 0.225952148438
0.227783203125 0.227783203125 0.227783203125
0.229614257812 0.229614257812 0.229614257812
0.2314453125 0.2314453125 0.2314453125
0.233276367188 0.233276367188 0.233276367188
0.235229492188 0.235229492188 0.235229492188
0.237060546875 0.237060546875 0.237060546875
0.238891601562 0.238891601562 0.238891601562
0.24072265625 0.24072265625 0.24072265625
0.242553710938 0.242553710938 0.242553710938
0.244384765625 0.244384765625 0.244384765625
0.246337890625 0.246337890625 0.246337890625
0.248168945312 0.248168945312 0.248168945312
0.25 0.25 0.25
0.251953125 0.251953125 0.251953125
0.253662109375 0.253662109375 0.253662109375
0.255615234375 0.255615234375 0.255615234375
0.25732421875 0.25732421875 0.25732421875
0.25927734375 0.25927734375 0.25927734375
0.26123046875 0.26123046875 0.26123046875
0.262939453125 0.262939453125 0.262939453125
0.264892578125 0.264892578125 0.264892578125
0.2666015625 0.2666015625 0.2666015625
0.2685546875 0.2685546875 0.2685546875
0.270263671875 0.270263671875 0.270263671875
0.272216796875 0.272216796875 0.272216796875
0.274169921875 0.274169921875 0.274169921875
0.27587890625 0.27587890625 0.27587890625
0.27783203125 0.27783203125 0.27783203125
0.279541015625 0.279541015625 0.279541015625
0.281494140625 0.281494140625 0.281494140625
0.283447265625 0.283447265625 0.283447265625
0.28515625 0.28515625 0.28515625
0.287109375 0.287109375 0.287109375
0.288818359375 0.288818359375 0.288818359375
0.290771484375 0.290771484375 0.290771484375
0.29248046875 0.29248046875 0.29248046875
0.29443359375 0.29443359375 0.29443359375
0.29638671875 0.29638671875 0.29638671875
0.298095703125 0.298095703125 0.298095703125
0.300048828125 0.300048828125 0.300048828125
0.3017578125 0.3017578125 0.3017578125
0.3037109375 0.3037109375 0.3037109375
0.3056640625 0.3056640625 0.3056640625
0.307373046875 0.307373046875 0.307373046875
0.309326171875 0.309326171875 0.309326171875
0.31103515625 0.31103515625 0.31103515625
0.31298828125 0.31298828125 0.31298828125
0.314697265625 0.314697265625 0.314697265625
0.316650390625 0.316650390625 0.316650390625
0.318603515625 0.318603515625 0.318603515625
0.3203125 0.3203125 0.3203125
0.322265625 0.322265625 0.322265625
0.323974609375 0.323974609375 0.323974609375
0.325927734375 0.325927734375 0.325927734375
0.327880859375 0.327880859375 0.327880859375
0.32958984375 0.32958984375 0.32958984375
0.33154296875 0.33154296875 0.33154296875
0.333251953125 0.333251953125 0.333251953125
0.335205078125 0.335205078125 0.335205078125
0.337158203125 0.337158203125 0.337158203125
0.3388671875 0.3388671875 0.3388671875
0.3408203125 0.3408203125 0.3408203125
0.342529296875 0.342529296875 0.342529296875
0.344482421875 0.344482421875 0.344482421875
0.34619140625 0.34619140625 0.34619140625
0.34814453125 0.34814453125 0.34814453125
0.35009765625 0.35009765625 0.35009765625
0.351806640625 0.351806640625 0.351806640625
0.353759765625 0.353759765625 0.353759765625
0.35546875 0.35546875 0.35546875
0.357421875 0.357421875 0.357421875
0.359375 0.359375 0.359375
0.361083984375 0.361083984375 0.361083984375
0.363037109375 0.363037109375 0.363037109375
0.36474609375 0.36474609375 0.36474609375
0.36669921875 0.36669921875 0.36669921875
0.368408203125 0.368408203125 0.368408203125
0.370361328125 0.370361328125 0.370361328125
0.372314453125 0.372314453125 0.372314453125
0.3740234375 0.3740234375 0.3740234375
0.3759765625 0.3759765625 0.3759765625
0.377685546875 0.377685546875 0.377685546875
0.379638671875 0.379638671875 0.379638671875
0.381591796875 0.381591796875 0.381591796875
0.38330078125 0.38330078125 0.38330078125
0.38525390625 0.38525390625 0.38525390625
0.386962890625 0.386962890625 0.386962890625
0.388916015625 0.388916015625 0.388916015625
0.390625 0.390625 0.390625
0.392578125 0.392578125 0.392578125
0.39453125 0.39453125 0.39453125
0.396240234375 0.396240234375 0.396240234375
0.398193359375 0.398193359375 0.398193359375
0.39990234375 0.39990234375 0.39990234375
0.40185546875 0.40185546875 0.40185546875
0.40380859375 0.40380859375 0.40380859375
0.405517578125 0.405517578125 0.405517578125
0.407470703125 0.407470703125 0.407470703125
0.4091796875 0.4091796875 0.4091796875
0.4111328125 0.4111328125 0.4111328125
0.412841796875 0.412841796875 0.412841796875
0.414794921875 0.414794921875 0.414794921875
0.416748046875 0.416748046875 0.416748046875
0.41845703125 0.41845703125 0.41845703125
0.42041015625 0.42041015625 0.42041015625
0.422119140625 0.422119140625 0.422119140625
0.424072265625 0.424072265625 0.424072265625
0.426025390625 0.426025390625 0.426025390625
0.427734375 0.427734375 0.427734375
0.4296875 0.4296875 0.4296875
0.431396484375 0.431396484375 0.431396484375
0.433349609375 0.433349609375 0.433349609375
0.435302734375 0.435302734375 0.435302734375
0.43701171875 0.43701171875 0.43701171875
0.43896484375 0.43896484375 0.43896484375
0.440673828125 0.440673828125 0.440673828125
0.442626953125 0.442626953125 0.442626953125
0.4443359375 0.4443359375 0.4443359375
0.4462890625 0.4462890625 0.4462890625
0.4482421875 0.4482421875 0.4482421875
0.449951171875 0.449951171875 0.449951171875
0.451904296875 0.451904296875 0.451904296875
0.45361328125 0.45361328125 0.45361328125
0.45556640625 0.45556640625 0.45556640625
0.45751953125 0.45751953125 0.45751953125
0.459228515625 0.459228515625 0.459228515625
0.461181640625 0.461181640625 0.461181640625
0.462890625 0.462890625 0.462890625
0.46484375 0.46484375 0.46484375
0.466552734375 0.466552734375 0.466552734375
0.468505859375 0.468505859375 0.468505859375
0.470458984375 0.470458984375 0.470458984375
0.47216796875 0.47216796875 0.47216796875
0.47412109375 0.47412109375 0.47412109375
0.475830078125 0.475830078125 0.475830078125
0.477783203125 0.477783203125 0.477783203125
0.479736328125 0.479736328125 0.479736328125
0.4814453125 0.4814453125 0.4814453125
0.4833984375 0.4833984375 0.4833984375
0.485107421875 0.485107421875 0.485107421875
0.487060546875 0.487060546875 0.487060546875
0.48876953125 0.48876953125 0.48876953125
0.49072265625 0.49072265625 0.49072265625
0.49267578125 0.49267578125 0.49267578125
0.494384765625 0.494384765625 0.494384765625
0.496337890625 0.496337890625 0.496337890625
0.498046875 0.498046875 0.498046875
0.5 0.5 0.5
0.5 0.5 0.5
0.498525619507 0.502450942993 0.498525619507
0.497539520264 0.505390167236 0.497539520264
0.496063232422 0.507843017578 0.496063232422
0.494590759277 0.510292053223 0.494590759277
0.493598937988 0.513236999512 0.493598937988
0.492126464844 0.515686035156 0.492126464844
0.490653991699 0.518135070801 0.490653991699
0.489669799805 0.521072387695 0.489669799805
0.488189697266 0.523529052734 0.488189697266
0.486709594727 0.525985717773 0.486709594727
0.485733032227 0.528915405273 0.485733032227
0.484252929688 0.531372070312 0.484252929688
0.482772827148 0.533828735352 0.482772827148
0.481796264648 0.536758422852 0.481796264648
0.480316162109 0.539215087891 0.480316162109
0.478851318359 0.541656494141 0.478851318359
0.477844238281 0.544616699219 0.477844238281
0.476379394531 0.547058105469 0.476379394531
0.474914550781 0.549499511719 0.474914550781
0.473907470703 0.552459716797 0.473907470703
0.472442626953 0.554901123047 0.472442626953
0.470977783203 0.557342529297 0.470977783203
0.469970703125 0.560302734375 0.469970703125
0.468505859375 0.562744140625 0.468505859375
0.467529296875 0.565673828125 0.467529296875
0.466033935547 0.568145751953 0.466033935547
0.464569091797 0.570587158203 0.464569091797
0.463592529297 0.573516845703 0.463592529297
0.462097167969 0.575988769531 0.462097167969
0.460632324219 0.578430175781 0.460632324219
0.459655761719 0.581359863281 0.459655761719
0.458190917969 0.583801269531 0.458190917969
0.456665039062 0.586303710938 0.456665039062
0.455688476562 0.589233398438 0.455688476562
0.454223632812 0.591674804688 0.454223632812
0.452758789062 0.594116210938 0.452758789062
0.451782226562 0.597045898438 0.451782226562
0.450317382812 0.599487304688 0.450317382812
0.448791503906 0.601989746094 0.448791503906
0.447814941406 0.604919433594 0.447814941406
0.446350097656 0.607360839844 0.446350097656
0.444885253906 0.609802246094 0.444885253906
0.443908691406 0.612731933594 0.443908691406
0.442443847656 0.615173339844 0.442443847656
0.44091796875 0.61767578125 0.44091796875
0.43994140625 0.62060546875 0.43994140625
0.4384765625 0.623046875 0.4384765625
0.43701171875 0.62548828125 0.43701171875
0.43603515625 0.62841796875 0.43603515625
0.4345703125 0.630859375 0.4345703125
0.433044433594 0.633361816406 0.433044433594
0.432067871094 0.636291503906 0.432067871094
0.430603027344 0.638732910156 0.430603027344
0.429138183594 0.641174316406 0.429138183594
0.428161621094 0.644104003906 0.428161621094
0.426696777344 0.646545410156 0.426696777344
0.425170898438 0.649047851562 0.425170898438
0.424194335938 0.651977539062 0.424194335938
0.422729492188 0.654418945312 0.422729492188
0.421264648438 0.656860351562 0.421264648438
0.420288085938 0.659790039062 0.420288085938
0.418823242188 0.662231445312 0.418823242188
0.417297363281 0.664733886719 0.417297363281
0.416381835938 0.667602539062 0.416381835938
0.414916992188 0.670043945312 0.414916992188
0.413330078125 0.672607421875 0.413330078125
0.412353515625 0.675537109375 0.412353515625
0.410888671875 0.677978515625 0.410888671875
0.409423828125 0.680419921875 0.409423828125
0.408447265625 0.683349609375 0.408447265625
0.406982421875 0.685791015625 0.406982421875
0.406005859375 0.688720703125 0.406005859375
0.404541015625 0.691162109375 0.404541015625
0.403076171875 0.693603515625 0.403076171875
0.402099609375 0.696533203125 0.402099609375
0.400634765625 0.698974609375 0.400634765625
0.399169921875 0.701416015625 0.399169921875
0.398071289062 0.704467773438 0.398071289062
0.396606445312 0.706909179688 0.396606445312
0.395141601562 0.709350585938 0.395141601562
0.394165039062 0.712280273438 0.394165039062
0.392700195312 0.714721679688 0.392700195312
0.391235351562 0.717163085938 0.391235351562
0.390258789062 0.720092773438 0.390258789062
0.388793945312 0.722534179688 0.388793945312
0.387329101562 0.724975585938 0.387329101562
0.386352539062 0.727905273438 0.386352539062
0.384887695312 0.730346679688 0.384887695312
0.383422851562 0.732788085938 0.383422851562
0.38232421875 0.73583984375 0.38232421875
0.380859375 0.73828125 0.380859375
0.37939453125 0.74072265625 0.37939453125
0.37841796875 0.74365234375 0.37841796875
0.376953125 0.74609375 0.376953125
0.37548828125 0.74853515625 0.37548828125
0.37451171875 0.75146484375 0.37451171875
0.373046875 0.75390625 0.373046875
0.37158203125 0.75634765625 0.37158203125
0.37060546875 0.75927734375 0.37060546875
0.369140625 0.76171875 0.369140625
0.36767578125 0.76416015625 0.36767578125
0.366577148438 0.767211914062 0.366577148438
0.365112304688 0.769653320312 0.365112304688
0.363647460938 0.772094726562 0.363647460938
0.362670898438 0.775024414062 0.362670898438
0.361206054688 0.777465820312 0.361206054688
0.359741210938 0.779907226562 0.359741210938
0.358764648438 0.782836914062 0.358764648438
0.357299804688 0.785278320312 0.357299804688
0.355834960938 0.787719726562 0.355834960938
0.354858398438 0.790649414062 0.354858398438
0.353393554688 0.793090820312 0.353393554688
0.351928710938 0.795532226562 0.351928710938
0.350830078125 0.798583984375 0.350830078125
0.349365234375 0.801025390625 0.349365234375
0.347900390625 0.803466796875 0.347900390625
0.346923828125 0.806396484375 0.346923828125
0.345458984375 0.808837890625 0.345458984375
0.343994140625 0.811279296875 0.343994140625
0.343017578125 0.814208984375 0.343017578125
0.341552734375 0.816650390625 0.341552734375
0.340576171875 0.819580078125 0.340576171875
0.339111328125 0.822021484375 0.339111328125
0.337646484375 0.824462890625 0.337646484375
0.336669921875 0.827392578125 0.336669921875
0.335083007812 0.829956054688 0.335083007812
0.333618164062 0.832397460938 0.333618164062
0.332763671875 0.835205078125 0.332763671875
0.331298828125 0.837646484375 0.331298828125
0.329833984375 0.840087890625 0.329833984375
0.328857421875 0.843017578125 0.328857421875
0.3271484375 0.845703125 0.3271484375
0.32568359375 0.84814453125 0.32568359375
0.32470703125 0.85107421875 0.32470703125
0.3232421875 0.853515625 0.3232421875
0.32177734375 0.85595703125 0.32177734375
0.32080078125 0.85888671875 0.32080078125
0.3193359375 0.861328125 0.3193359375
0.31787109375 0.86376953125 0.31787109375
0.31689453125 0.86669921875 0.31689453125
0.3154296875 0.869140625 0.3154296875
0.31396484375 0.87158203125 0.31396484375
0.31298828125 0.87451171875 0.31298828125
0.3115234375 0.876953125 0.3115234375
0.31005859375 0.87939453125 0.31005859375
0.30908203125 0.88232421875 0.30908203125
0.3076171875 0.884765625 0.3076171875
0.30615234375 0.88720703125 0.30615234375
0.30517578125 0.89013671875 0.30517578125
0.3037109375 0.892578125 0.3037109375
0.30224609375 0.89501953125 0.30224609375
0.30126953125 0.89794921875 0.30126953125
0.2998046875 0.900390625 0.2998046875
0.29833984375 0.90283203125 0.29833984375
0.29736328125 0.90576171875 0.29736328125
0.295654296875 0.908447265625 0.295654296875
0.294189453125 0.910888671875 0.294189453125
0.293212890625 0.913818359375 0.293212890625
0.291748046875 0.916259765625 0.291748046875
0.290283203125 0.918701171875 0.290283203125
0.289306640625 0.921630859375 0.289306640625
0.287841796875 0.924072265625 0.287841796875
0.286376953125 0.926513671875 0.286376953125
0.285400390625 0.929443359375 0.285400390625
0.283935546875 0.931884765625 0.283935546875
0.282470703125 0.934326171875 0.282470703125
0.281494140625 0.937255859375 0.281494140625
0.280029296875 0.939697265625 0.280029296875
0.279052734375 0.942626953125 0.279052734375
0.277587890625 0.945068359375 0.277587890625
0.276123046875 0.947509765625 0.276123046875
0.275146484375 0.950439453125 0.275146484375
0.273681640625 0.952880859375 0.273681640625
0.272216796875 0.955322265625 0.272216796875
0.271240234375 0.958251953125 0.271240234375
0.269775390625 0.960693359375 0.269775390625
0.268310546875 0.963134765625 0.268310546875
0.267333984375 0.966064453125 0.267333984375
0.265869140625 0.968505859375 0.265869140625
0.26416015625 0.97119140625 0.26416015625
0.26318359375 0.97412109375 0.26318359375
0.26171875 0.9765625 0.26171875
0.26025390625 0.97900390625 0.26025390625
0.25927734375 0.98193359375 0.25927734375
0.2578125 0.984375 0.2578125
0.25634765625 0.98681640625 0.25634765625
0.25537109375 0.98974609375 0.25537109375
0.25390625 0.9921875 0.25390625
0.25244140625 0.99462890625 0.25244140625
0.25146484375 0.99755859375 0.25146484375
0.25 1.0 0.25
0.25 1.0 0.25
0.252517700195 1.00007629395 0.247970581055
0.254302978516 0.999908447266 0.245208740234
0.256816864014 0.999980926514 0.243183135986
0.259338378906 1.00006103516 0.241149902344
0.261116027832 0.999885559082 0.238395690918
0.263633728027 0.999961853027 0.236366271973
0.266159057617 1.00004577637 0.234329223633
0.267944335938 0.999877929688 0.231567382812
0.270462036133 0.999954223633 0.229537963867
0.272964477539 1.00001525879 0.227523803711
0.274749755859 0.999847412109 0.224761962891
0.277267456055 0.999923706055 0.222732543945
0.27978515625 1.0 0.220703125
0.281585693359 0.999847412109 0.217926025391
0.284088134766 0.999908447266 0.215911865234
0.286376953125 1.00024414062 0.213623046875
0.288391113281 0.999816894531 0.211120605469
0.290924072266 0.999908447266 0.209075927734
0.293182373047 1.00021362305 0.206817626953
0.295196533203 0.999786376953 0.204315185547
0.297729492188 0.999877929688 0.202270507812
0.299987792969 1.00018310547 0.200012207031
0.302032470703 0.999786376953 0.197479248047
0.304534912109 0.999847412109 0.195465087891
0.306823730469 1.00018310547 0.193176269531
0.308837890625 0.999755859375 0.190673828125
0.311370849609 0.999847412109 0.188629150391
0.313659667969 1.00018310547 0.186340332031
0.316162109375 1.00024414062 0.184326171875
0.318176269531 0.999816894531 0.181823730469
0.320434570312 1.00012207031 0.179565429688
0.322998046875 1.00024414062 0.177490234375
0.325012207031 0.999816894531 0.174987792969
0.327270507812 1.00012207031 0.172729492188
0.329772949219 1.00018310547 0.170715332031
0.331848144531 0.999816894531 0.168151855469
0.334106445312 1.00012207031 0.165893554688
0.336608886719 1.00018310547 0.163879394531
0.338623046875 0.999755859375 0.161376953125
0.340881347656 1.00006103516 0.159118652344
0.343444824219 1.00018310547 0.157043457031
0.34521484375 1.0 0.154296875
0.347717285156 1.00006103516 0.152282714844
0.350219726562 1.00012207031 0.150268554688
0.35205078125 1.0 0.1474609375
0.354553222656 1.00006103516 0.145446777344
0.357055664062 1.00012207031 0.143432617188
0.358825683594 0.999938964844 0.140686035156
0.361389160156 1.00006103516 0.138610839844
0.363891601562 1.00012207031 0.136596679688
0.365661621094 0.999938964844 0.133850097656
0.3681640625 1.0 0.1318359375
0.370727539062 1.00012207031 0.129760742188
0.372497558594 0.999938964844 0.127014160156
0.375 1.0 0.125
0.377563476562 1.00012207031 0.122924804688
0.379272460938 0.999877929688 0.120239257812
0.3818359375 1.0 0.1181640625
0.38427734375 1.0 0.1162109375
0.386108398438 0.999877929688 0.113403320312
0.388671875 1.0 0.111328125
0.39111328125 1.0 0.109375
0.392944335938 0.999877929688 0.106567382812
0.3955078125 1.0 0.1044921875
0.39794921875 1.0 0.1025390625
0.399780273438 0.999877929688 0.0997314453125
0.402221679688 0.999877929688 0.0977783203125
0.40478515625 1.0 0.095703125
0.406616210938 0.999877929688 0.0928955078125
0.409057617188 0.999877929688 0.0909423828125
0.411376953125 1.00024414062 0.088623046875
0.413452148438 0.999877929688 0.0860595703125
0.415893554688 0.999877929688 0.0841064453125
0.418212890625 1.00024414062 0.081787109375
0.420166015625 0.999755859375 0.079345703125
0.422729492188 0.999877929688 0.0772705078125
0.425048828125 1.00024414062 0.074951171875
0.427001953125 0.999755859375 0.072509765625
0.429565429688 0.999877929688 0.0704345703125
0.431762695312 1.00012207031 0.0682373046875
0.433837890625 0.999755859375 0.065673828125
0.436401367188 0.999877929688 0.0635986328125
0.438598632812 1.00012207031 0.0614013671875
0.441162109375 1.00024414062 0.059326171875
0.443237304688 0.999877929688 0.0567626953125
0.445434570312 1.00012207031 0.0545654296875
0.447998046875 1.00024414062 0.052490234375
0.449951171875 0.999755859375 0.050048828125
0.452270507812 1.00012207031 0.0477294921875
0.454833984375 1.00024414062 0.045654296875
0.456787109375 0.999755859375 0.043212890625
0.459106445312 1.00012207031 0.0408935546875
0.461547851562 1.00012207031 0.0389404296875
0.463623046875 0.999755859375 0.036376953125
0.465942382812 1.00012207031 0.0340576171875
0.468383789062 1.00012207031 0.0321044921875
0.47021484375 1.0 0.029296875
0.472778320312 1.00012207031 0.0272216796875
0.475219726562 1.00012207031 0.0252685546875
0.47705078125 1.0 0.0224609375
0.4794921875 1.0 0.0205078125
0.482055664062 1.00012207031 0.0184326171875
0.48388671875 1.0 0.015625
0.486328125 1.0 0.013671875
0.488891601562 1.00012207031 0.0115966796875
0.49072265625 1.0 0.0087890625
0.4931640625 1.0 0.0068359375
0.495727539062 1.00012207031 0.0047607421875
0.497436523438 0.999877929688 0.0020751953125
0.5 1.0 0.0
0.5 1.0 0.0
0.5 0.997802734375 0.002197265625
0.5 0.995361328125 0.004638671875
0.5 0.9931640625 0.0068359375
0.5 0.990966796875 0.009033203125
0.5 0.988525390625 0.011474609375
0.5 0.986328125 0.013671875
0.5 0.984130859375 0.015869140625
0.5 0.98193359375 0.01806640625
0.5 0.9794921875 0.0205078125
0.5 0.977294921875 0.022705078125
0.5 0.97509765625 0.02490234375
0.5 0.97265625 0.02734375
0.5 0.970458984375 0.029541015625
0.5 0.96826171875 0.03173828125
0.5 0.9658203125 0.0341796875
0.5 0.963623046875 0.036376953125
0.5 0.96142578125 0.03857421875
0.5 0.958984375 0.041015625
0.5 0.956787109375 0.043212890625
0.5 0.95458984375 0.04541015625
0.5 0.952392578125 0.047607421875
0.5 0.949951171875 0.050048828125
0.5 0.94775390625 0.05224609375
0.5 0.945556640625 0.054443359375
0.5 0.943115234375 0.056884765625
0.5 0.94091796875 0.05908203125
0.5 0.938720703125 0.061279296875
0.5 0.936279296875 0.063720703125
0.5 0.93408203125 0.06591796875
0.5 0.931884765625 0.068115234375
0.5 0.929443359375 0.070556640625
0.5 0.92724609375 0.07275390625
0.5 0.925048828125 0.074951171875
0.5 0.922607421875 0.077392578125
0.5 0.92041015625 0.07958984375
0.5 0.918212890625 0.081787109375
0.5 0.916015625 0.083984375
0.5 0.91357421875 0.08642578125
0.5 0.911376953125 0.088623046875
0.5 0.9091796875 0.0908203125
0.5 0.90673828125 0.09326171875
0.5 0.904541015625 0.095458984375
0.5 0.90234375 0.09765625
0.5 0.89990234375 0.10009765625
0.5 0.897705078125 0.102294921875
0.5 0.8955078125 0.1044921875
0.5 0.89306640625 0.10693359375
0.5 0.890869140625 0.109130859375
0.5 0.888671875 0.111328125
0.5 0.886474609375 0.113525390625
0.5 0.884033203125 0.115966796875
0.5 0.8818359375 0.1181640625
0.5 0.879638671875 0.120361328125
0.5 0.877197265625 0.122802734375
0.5 0.875 0.125
0.5 0.872802734375 0.127197265625
0.5 0.870361328125 0.129638671875
0.5 0.8681640625 0.1318359375
0.5 0.865966796875 0.134033203125
0.5 0.863525390625 0.136474609375
0.5 0.861328125 0.138671875
0.5 0.859130859375 0.140869140625
0.5 0.85693359375 0.14306640625
0.5 0.8544921875 0.1455078125
0.5 0.852294921875 0.147705078125
0.5 0.85009765625 0.14990234375
0.5 0.84765625 0.15234375
0.5 0.845458984375 0.154541015625
0.5 0.84326171875 0.15673828125
0.5 0.8408203125 0.1591796875
0.5 0.838623046875 0.161376953125
0.5 0.83642578125 0.16357421875
0.5 0.833984375 0.166015625
0.5 0.831787109375 0.168212890625
0.5 0.82958984375 0.17041015625
0.5 0.827392578125 0.172607421875
0.5 0.824951171875 0.175048828125
0.5 0.82275390625 0.17724609375
0.5 0.820556640625 0.179443359375
0.5 0.818115234375 0.181884765625
0.5 0.81591796875 0.18408203125
0.5 0.813720703125 0.186279296875
0.5 0.811279296875 0.188720703125
0.5 0.80908203125 0.19091796875
0.5 0.806884765625 0.193115234375
0.5 0.804443359375 0.195556640625
0.5 0.80224609375 0.19775390625
0.5 0.800048828125 0.199951171875
0.5 0.797607421875 0.202392578125
0.5 0.79541015625 0.20458984375
0.5 0.793212890625 0.206787109375
0.5 0.791015625 0.208984375
0.5 0.78857421875 0.21142578125
0.5 0.786376953125 0.213623046875
0.5 0.7841796875 0.2158203125
0.5 0.78173828125 0.21826171875
0.5 0.779541015625 0.220458984375
0.5 0.77734375 0.22265625
0.5 0.77490234375 0.22509765625
0.5 0.772705078125 0.227294921875
0.5 0.7705078125 0.2294921875
0.5 0.76806640625 0.23193359375
0.5 0.765869140625 0.234130859375
0.5 0.763671875 0.236328125
0.5 0.761474609375 0.238525390625
0.5 0.759033203125 0.240966796875
0.5 0.7568359375 0.2431640625
0.5 0.754638671875 0.245361328125
0.5 0.752197265625 0.247802734375
0.5 0.75 0.25
0.5 0.747680664062 0.252319335938
0.5 0.745483398438 0.254516601562
0.5 0.7431640625 0.2568359375
0.5 0.740966796875 0.259033203125
0.5 0.738647460938 0.261352539062
0.5 0.736328125 0.263671875
0.5 0.734130859375 0.265869140625
0.5 0.731811523438 0.268188476562
0.5 0.7294921875 0.2705078125
0.5 0.727294921875 0.272705078125
0.5 0.724975585938 0.275024414062
0.5 0.722778320312 0.277221679688
0.5 0.720458984375 0.279541015625
0.5 0.718139648438 0.281860351562
0.5 0.715942382812 0.284057617188
0.5 0.713623046875 0.286376953125
0.5 0.711303710938 0.288696289062
0.5 0.709106445312 0.290893554688
0.5 0.706787109375 0.293212890625
0.5 0.70458984375 0.29541015625
0.5 0.702270507812 0.297729492188
0.5 0.699951171875 0.300048828125
0.5 0.69775390625 0.30224609375
0.5 0.695434570312 0.304565429688
0.5 0.693237304688 0.306762695312
0.5 0.69091796875 0.30908203125
0.5 0.688598632812 0.311401367188
0.5 0.686401367188 0.313598632812
0.5 0.68408203125 0.31591796875
0.5 0.681762695312 0.318237304688
0.5 0.679565429688 0.320434570312
0.5 0.67724609375 0.32275390625
0.5 0.675048828125 0.324951171875
0.5 0.672729492188 0.327270507812
0.5 0.67041015625 0.32958984375
0.5 0.668212890625 0.331787109375
0.5 0.665893554688 0.334106445312
0.5 0.663696289062 0.336303710938
0.5 0.661376953125 0.338623046875
0.5 0.659057617188 0.340942382812
0.5 0.656860351562 0.343139648438
0.5 0.654541015625 0.345458984375
0.5 0.652221679688 0.347778320312
0.5 0.650024414062 0.349975585938
0.5 0.647705078125 0.352294921875
0.5 0.6455078125 0.3544921875
0.5 0.643188476562 0.356811523438
0.5 0.640869140625 0.359130859375
0.5 0.638671875 0.361328125
0.5 0.636352539062 0.363647460938
0.5 0.634033203125 0.365966796875
0.5 0.6318359375 0.3681640625
0.5 0.629516601562 0.370483398438
0.5 0.627319335938 0.372680664062
0.5 0.625 0.375
0.5 0.622741699219 0.377258300781
0.5 0.620483398438 0.379516601562
0.5 0.6181640625 0.3818359375
0.5 0.615905761719 0.384094238281
0.5 0.613647460938 0.386352539062
0.5 0.611389160156 0.388610839844
0.5 0.609069824219 0.390930175781
0.5 0.606811523438 0.393188476562
0.5 0.604553222656 0.395446777344
0.5 0.602294921875 0.397705078125
0.5 0.599975585938 0.400024414062
0.5 0.597717285156 0.402282714844
0.5 0.595458984375 0.404541015625
0.5 0.593200683594 0.406799316406
0.5 0.590881347656 0.409118652344
0.5 0.588623046875 0.411376953125
0.5 0.586364746094 0.413635253906
0.5 0.584106445312 0.415893554688
0.5 0.581848144531 0.418151855469
0.5 0.579528808594 0.420471191406
0.5 0.577270507812 0.422729492188
0.5 0.575012207031 0.424987792969
0.5 0.57275390625 0.42724609375
0.5 0.570434570312 0.429565429688
0.5 0.568176269531 0.431823730469
0.5 0.56591796875 0.43408203125
0.5 0.563659667969 0.436340332031
0.5 0.561370849609 0.438629150391
0.5 0.55908203125 0.44091796875
0.5 0.556823730469 0.443176269531
0.5 0.554534912109 0.445465087891
0.5 0.552276611328 0.447723388672
0.5 0.549987792969 0.450012207031
0.5 0.547729492188 0.452270507812
0.5 0.545440673828 0.454559326172
0.5 0.543182373047 0.456817626953
0.5 0.540924072266 0.459075927734
0.5 0.538635253906 0.461364746094
0.5 0.536376953125 0.463623046875
0.5 0.534088134766 0.465911865234
0.5 0.531829833984 0.468170166016
0.5 0.529541015625 0.470458984375
0.5 0.527267456055 0.472732543945
0.5 0.524993896484 0.475006103516
0.5 0.522720336914 0.477279663086
0.5 0.520462036133 0.479537963867
0.5 0.518188476562 0.481811523438
0.5 0.515914916992 0.484085083008
0.5 0.513633728027 0.486366271973
0.5 0.511360168457 0.488639831543
0.5 0.509094238281 0.490905761719
0.5 0.506816864014 0.493183135986
0.5 0.504547119141 0.495452880859
0.5 0.50227355957 0.49772644043
0.5 0.5 0.5
0.5 0.5 0.5
0.501230239868 0.501230239868 0.497304916382
0.502704620361 0.502704620361 0.494853973389
0.503936767578 0.503936767578 0.492156982422
0.505165100098 0.505165100098 0.489463806152
0.506645202637 0.506645202637 0.487007141113
0.507873535156 0.507873535156 0.484313964844
0.509101867676 0.509101867676 0.481620788574
0.51057434082 0.51057434082 0.47917175293
0.511810302734 0.511810302734 0.476470947266
0.513046264648 0.513046264648 0.473770141602
0.514511108398 0.514511108398 0.471328735352
0.515747070312 0.515747070312 0.468627929688
0.516983032227 0.516983032227 0.465927124023
0.518203735352 0.518203735352 0.463241577148
0.519683837891 0.519683837891 0.460784912109
0.520904541016 0.520904541016 0.458099365234
0.522155761719 0.522155761719 0.455383300781
0.523620605469 0.523620605469 0.452941894531
0.524841308594 0.524841308594 0.450256347656
0.526092529297 0.526092529297 0.447540283203
0.527557373047 0.527557373047 0.445098876953
0.528778076172 0.528778076172 0.442413330078
0.530029296875 0.530029296875 0.439697265625
0.531494140625 0.531494140625 0.437255859375
0.53271484375 0.53271484375 0.4345703125
0.533966064453 0.533966064453 0.431854248047
0.535430908203 0.535430908203 0.429412841797
0.536651611328 0.536651611328 0.426727294922
0.537902832031 0.537902832031 0.424011230469
0.539367675781 0.539367675781 0.421569824219
0.540588378906 0.540588378906 0.418884277344
0.541809082031 0.541809082031 0.416198730469
0.543334960938 0.543334960938 0.413696289062
0.544555664062 0.544555664062 0.411010742188
0.545776367188 0.545776367188 0.408325195312
0.546997070312 0.546997070312 0.405639648438
0.548461914062 0.548461914062 0.403198242188
0.549682617188 0.549682617188 0.400512695312
0.550964355469 0.550964355469 0.397766113281
0.552429199219 0.552429199219 0.395324707031
0.553649902344 0.553649902344 0.392639160156
0.554870605469 0.554870605469 0.389953613281
0.556335449219 0.556335449219 0.387512207031
0.557556152344 0.557556152344 0.384826660156
0.558837890625 0.558837890625 0.382080078125
0.560302734375 0.560302734375 0.379638671875
0.5615234375 0.5615234375 0.376953125
0.562744140625 0.562744140625 0.374267578125
0.564208984375 0.564208984375 0.371826171875
0.5654296875 0.5654296875 0.369140625
0.566711425781 0.566711425781 0.366394042969
0.568176269531 0.568176269531 0.363952636719
0.569396972656 0.569396972656 0.361267089844
0.570617675781 0.570617675781 0.358581542969
0.572082519531 0.572082519531 0.356140136719
0.573303222656 0.573303222656 0.353454589844
0.574584960938 0.574584960938 0.350708007812
0.576049804688 0.576049804688 0.348266601562
0.577270507812 0.577270507812 0.345581054688
0.578491210938 0.578491210938 0.342895507812
0.579711914062 0.579711914062 0.340209960938
0.581176757812 0.581176757812 0.337768554688
0.582458496094 0.582458496094 0.335021972656
0.583618164062 0.583618164062 0.332397460938
0.585083007812 0.585083007812 0.329956054688
0.58642578125 0.58642578125 0.3271484375
0.587646484375 0.587646484375 0.324462890625
0.589111328125 0.589111328125 0.322021484375
0.59033203125 0.59033203125 0.3193359375
0.591552734375 0.591552734375 0.316650390625
0.593017578125 0.593017578125 0.314208984375
0.59423828125 0.59423828125 0.3115234375
0.595458984375 0.595458984375 0.308837890625
0.596923828125 0.596923828125 0.306396484375
0.59814453125 0.59814453125 0.3037109375
0.599365234375 0.599365234375 0.301025390625
0.600830078125 0.600830078125 0.298583984375
0.602172851562 0.602172851562 0.295776367188
0.603393554688 0.603393554688 0.293090820312
0.604858398438 0.604858398438 0.290649414062
0.606079101562 0.606079101562 0.287963867188
0.607299804688 0.607299804688 0.285278320312
0.608764648438 0.608764648438 0.282836914062
0.609985351562 0.609985351562 0.280151367188
0.611206054688 0.611206054688 0.277465820312
0.612426757812 0.612426757812 0.274780273438
0.613891601562 0.613891601562 0.272338867188
0.615112304688 0.615112304688 0.269653320312
0.616333007812 0.616333007812 0.266967773438
0.617919921875 0.617919921875 0.264404296875
0.619140625 0.619140625 0.26171875
0.620361328125 0.620361328125 0.259033203125
0.621826171875 0.621826171875 0.256591796875
0.623046875 0.623046875 0.25390625
0.624267578125 0.624267578125 0.251220703125
0.625732421875 0.625732421875 0.248779296875
0.626953125 0.626953125 0.24609375
0.628173828125 0.628173828125 0.243408203125
0.629638671875 0.629638671875 0.240966796875
0.630859375 0.630859375 0.23828125
0.632080078125 0.632080078125 0.235595703125
0.633666992188 0.633666992188 0.233032226562
0.634887695312 0.634887695312 0.230346679688
0.636108398438 0.636108398438 0.227661132812
0.637573242188 0.637573242188 0.225219726562
0.638793945312 0.638793945312 0.222534179688
0.640014648438 0.640014648438 0.219848632812
0.641235351562 0.641235351562 0.217163085938
0.642700195312 0.642700195312 0.214721679688
0.643920898438 0.643920898438 0.212036132812
0.645141601562 0.645141601562 0.209350585938
0.646606445312 0.646606445312 0.206909179688
0.647827148438 0.647827148438 0.204223632812
0.649169921875 0.649169921875 0.201416015625
0.650634765625 0.650634765625 0.198974609375
0.65185546875 0.65185546875 0.1962890625
0.653076171875 0.653076171875 0.193603515625
0.654541015625 0.654541015625 0.191162109375
0.65576171875 0.65576171875 0.1884765625
0.656982421875 0.656982421875 0.185791015625
0.658447265625 0.658447265625 0.183349609375
0.65966796875 0.65966796875 0.1806640625
0.660888671875 0.660888671875 0.177978515625
0.662353515625 0.662353515625 0.175537109375
0.66357421875 0.66357421875 0.1728515625
0.664916992188 0.664916992188 0.170043945312
0.666381835938 0.666381835938 0.167602539062
0.66748046875 0.66748046875 0.1650390625
0.668701171875 0.668701171875 0.162353515625
0.670166015625 0.670166015625 0.159912109375
0.67138671875 0.67138671875 0.1572265625
0.6728515625 0.6728515625 0.154296875
0.674072265625 0.674072265625 0.151611328125
0.675537109375 0.675537109375 0.149169921875
0.6767578125 0.6767578125 0.146484375
0.677978515625 0.677978515625 0.143798828125
0.679443359375 0.679443359375 0.141357421875
0.6806640625 0.6806640625 0.138671875
0.681884765625 0.681884765625 0.135986328125
0.683349609375 0.683349609375 0.133544921875
0.6845703125 0.6845703125 0.130859375
0.685791015625 0.685791015625 0.128173828125
0.687255859375 0.687255859375 0.125732421875
0.6884765625 0.6884765625 0.123046875
0.689697265625 0.689697265625 0.120361328125
0.691162109375 0.691162109375 0.117919921875
0.6923828125 0.6923828125 0.115234375
0.693603515625 0.693603515625 0.112548828125
0.695068359375 0.695068359375 0.110107421875
0.6962890625 0.6962890625 0.107421875
0.697509765625 0.697509765625 0.104736328125
0.698974609375 0.698974609375 0.102294921875
0.7001953125 0.7001953125 0.099609375
0.701416015625 0.701416015625 0.096923828125
0.702880859375 0.702880859375 0.094482421875
0.704345703125 0.704345703125 0.091552734375
0.70556640625 0.70556640625 0.0888671875
0.706787109375 0.706787109375 0.086181640625
0.708251953125 0.708251953125 0.083740234375
0.70947265625 0.70947265625 0.0810546875
0.710693359375 0.710693359375 0.078369140625
0.712158203125 0.712158203125 0.075927734375
0.71337890625 0.71337890625 0.0732421875
0.714599609375 0.714599609375 0.070556640625
0.716064453125 0.716064453125 0.068115234375
0.71728515625 0.71728515625 0.0654296875
0.718505859375 0.718505859375 0.062744140625
0.719970703125 0.719970703125 0.060302734375
0.72119140625 0.72119140625 0.0576171875
0.722412109375 0.722412109375 0.054931640625
0.723876953125 0.723876953125 0.052490234375
0.72509765625 0.72509765625 0.0498046875
0.726318359375 0.726318359375 0.047119140625
0.727783203125 0.727783203125 0.044677734375
0.72900390625 0.72900390625 0.0419921875
0.730224609375 0.730224609375 0.039306640625
0.731689453125 0.731689453125 0.036865234375
0.73291015625 0.73291015625 0.0341796875
0.734130859375 0.734130859375 0.031494140625
0.735595703125 0.735595703125 0.028564453125
0.737060546875 0.737060546875 0.026123046875
0.73828125 0.73828125 0.0234375
0.739501953125 0.739501953125 0.020751953125
0.740966796875 0.740966796875 0.018310546875
0.7421875 0.7421875 0.015625
0.743408203125 0.743408203125 0.012939453125
0.744873046875 0.744873046875 0.010498046875
0.74609375 0.74609375 0.0078125
0.747314453125 0.747314453125 0.005126953125
0.748779296875 0.748779296875 0.002685546875
0.75 0.75 0.0
0.25 1.0 0.25
0.247802734375 1.00024414062 0.247802734375
0.245361328125 0.999755859375 0.245361328125
0.2431640625 1.0 0.2431640625
0.240966796875 1.00024414062 0.240966796875
0.238525390625 0.999755859375 0.238525390625
0.236328125 1.0 0.236328125
0.234130859375 1.00024414062 0.234130859375
0.231689453125 0.999755859375 0.231689453125
0.2294921875 1.0 0.2294921875
0.227294921875 1.00024414062 0.227294921875
0.224853515625 0.999755859375 0.224853515625
0.22265625 1.0 0.22265625
0.220458984375 1.00024414062 0.220458984375
0.218017578125 0.999755859375 0.218017578125
0.2158203125 1.0 0.2158203125
0.2138671875 1.0 0.2138671875
0.211181640625 0.999755859375 0.211181640625
0.208984375 1.0 0.208984375
0.20703125 1.0 0.20703125
0.204345703125 0.999755859375 0.204345703125
0.2021484375 1.0 0.2021484375
0.2001953125 1.0 0.2001953125
0.197509765625 0.999755859375 0.197509765625
0.1953125 1.0 0.1953125
0.193359375 1.0 0.193359375
0.190673828125 0.999755859375 0.190673828125
0.1884765625 1.0 0.1884765625
0.1865234375 1.0 0.1865234375
0.184326171875 1.00024414062 0.184326171875
0.181640625 1.0 0.181640625
0.1796875 1.0 0.1796875
0.177490234375 1.00024414062 0.177490234375
0.1748046875 1.0 0.1748046875
0.1728515625 1.0 0.1728515625
0.170654296875 1.00024414062 0.170654296875
0.16796875 1.0 0.16796875
0.166015625 1.0 0.166015625
0.163818359375 1.00024414062 0.163818359375
0.1611328125 1.0 0.1611328125
0.1591796875 1.0 0.1591796875
0.156982421875 1.00024414062 0.156982421875
0.154541015625 0.999755859375 0.154541015625
0.15234375 1.0 0.15234375
0.150146484375 1.00024414062 0.150146484375
0.147705078125 0.999755859375 0.147705078125
0.1455078125 1.0 0.1455078125
0.143310546875 1.00024414062 0.143310546875
0.140869140625 0.999755859375 0.140869140625
0.138671875 1.0 0.138671875
0.136474609375 1.00024414062 0.136474609375
0.134033203125 0.999755859375 0.134033203125
0.1318359375 1.0 0.1318359375
0.129638671875 1.00024414062 0.129638671875
0.127197265625 0.999755859375 0.127197265625
0.125 1.0 0.125
0.122802734375 1.00024414062 0.122802734375
0.120361328125 0.999755859375 0.120361328125
0.1181640625 1.0 0.1181640625
0.115966796875 1.00024414062 0.115966796875
0.113525390625 0.999755859375 0.113525390625
0.111328125 1.0 0.111328125
0.109130859375 1.00024414062 0.109130859375
0.106689453125 0.999755859375 0.106689453125
0.1044921875 1.0 0.1044921875
0.102294921875 1.00024414062 0.102294921875
0.099853515625 0.999755859375 0.099853515625
0.09765625 1.0 0.09765625
0.095458984375 1.00024414062 0.095458984375
0.093017578125 0.999755859375 0.093017578125
0.0908203125 1.0 0.0908203125
0.0888671875 1.0 0.0888671875
0.086181640625 0.999755859375 0.086181640625
0.083984375 1.0 0.083984375
0.08203125 1.0 0.08203125
0.079345703125 0.999755859375 0.079345703125
0.0771484375 1.0 0.0771484375
0.0751953125 1.0 0.0751953125
0.072509765625 0.999755859375 0.072509765625
0.0703125 1.0 0.0703125
0.068359375 1.0 0.068359375
0.065673828125 0.999755859375 0.065673828125
0.0634765625 1.0 0.0634765625
0.0615234375 1.0 0.0615234375
0.059326171875 1.00024414062 0.059326171875
0.056640625 1.0 0.056640625
0.0546875 1.0 0.0546875
0.052490234375 1.00024414062 0.052490234375
0.0498046875 1.0 0.0498046875
0.0478515625 1.0 0.0478515625
0.045654296875 1.00024414062 0.045654296875
0.04296875 1.0 0.04296875
0.041015625 1.0 0.041015625
0.038818359375 1.00024414062 0.038818359375
0.0361328125 1.0 0.0361328125
0.0341796875 1.0 0.0341796875
0.031982421875 1.00024414062 0.031982421875
0.029541015625 0.999755859375 0.029541015625
0.02734375 1.0 0.02734375
0.025146484375 1.00024414062 0.025146484375
0.022705078125 0.999755859375 0.022705078125
0.0205078125 1.0 0.0205078125
0.018310546875 1.00024414062 0.018310546875
0.015869140625 0.999755859375 0.015869140625
0.013671875 1.0 0.013671875
0.011474609375 1.00024414062 0.011474609375
0.009033203125 0.999755859375 0.009033203125
0.0068359375 1.0 0.0068359375
0.004638671875 1.00024414062 0.004638671875
0.002197265625 0.999755859375 0.002197265625
0.0 1.0 0.0
